Vertices: 25
(target vertex, edge weight)

Vertex [0] :
     Adjacent edges: (1,38688.5) (2,44944.4) (3,63088.8) (4,3088.5) (5,16543.7) (6,43275) (7,8816.8) (8,6350.4) (9,17746.9) (10,41883.1) (11,8951) (12,2454.3) (13,31094.1) (14,40728.8) (15,18518.4) (16,57994.3) (17,5572.9) (18,33593.4) (19,46981.2) (20,56278.7) (21,32225) (22,884.7) (23,2891.7) (24,5550) 
Vertex [1] :
     Adjacent edges: (0,38688.5) (2,7460.9) (3,39557) (4,38596.8) (5,43506) (6,55424) (7,34871.9) (8,36465.6) (9,39247.4) (10,22559.1) (11,34584) (12,39061.1) (13,11225) (14,9462.2) (15,38619.8) (16,20510.7) (17,36491.2) (18,16908.2) (19,23449.4) (20,68427.6) (21,12238.3) (22,39643.1) (23,39134.2) (24,36311.9) 
Vertex [2] :
     Adjacent edges: (0,44944.4) (1,7460.9) (3,29035.7) (4,44294.5) (5,43866.4) (6,61121.6) (7,40569.6) (8,42163.2) (9,39607.8) (10,23762.9) (11,40281.6) (12,44758.7) (13,16922.6) (14,16421.9) (15,38980.1) (16,13049.9) (17,42188.8) (18,17956.9) (19,24653.1) (20,74125.3) (21,17935.9) (22,45340.7) (23,44831.8) (24,42009.5) 
Vertex [3] :
     Adjacent edges: (0,63088.8) (1,39557) (2,29035.7) (4,59937.4) (5,48857.7) (6,76764.5) (7,56212.5) (8,57806.1) (9,44599.1) (10,20917.9) (11,55924.5) (12,60401.6) (13,38756.7) (14,41736.5) (15,43971.4) (16,18420.9) (17,57831.7) (18,27074.8) (19,16138.8) (20,89768.2) (21,32358.3) (22,60983.6) (23,60474.7) (24,57652.4) 
Vertex [4] :
     Adjacent edges: (0,3088.5) (1,38596.8) (2,44294.5) (3,59937.4) (5,18298.1) (6,42319.4) (7,6775.8) (8,3458.4) (9,19501.2) (10,40927.5) (11,7555.1) (12,4903.7) (13,29350.6) (14,38985.3) (15,20272.7) (16,57038.7) (17,3232.8) (18,32637.8) (19,46025.6) (20,55323.1) (21,31269.4) (22,2843.5) (23,5355.2) (24,3210) 
Vertex [5] :
     Adjacent edges: (0,16543.7) (1,43506) (2,43866.4) (3,48857.7) (4,18298.1) (6,55569.3) (7,22728.3) (8,18622.7) (9,4367.7) (10,30481.7) (11,21245.3) (12,16081.2) (13,41807.4) (14,45799.7) (15,4947) (16,54560) (17,20602.3) (18,25432.4) (19,34303.2) (20,68573) (21,33067.8) (22,19073.5) (23,16140) (24,20144.4) 
Vertex [6] :
     Adjacent edges: (0,43275) (1,55424) (2,61121.6) (3,76764.5) (4,42319.4) (5,55569.3) (7,38291) (8,39884.7) (9,55766.1) (10,57239.9) (11,38003.1) (12,42480.2) (13,45957.9) (14,55592.6) (15,56537.6) (16,73351.2) (17,39910.3) (18,48950.3) (19,62338) (20,13873.8) (21,47581.9) (22,43062.2) (23,42553.3) (24,39730.9) 
Vertex [7] :
     Adjacent edges: (0,8816.8) (1,34871.9) (2,40569.6) (3,56212.5) (4,6775.8) (5,22728.3) (6,38291) (8,4336.8) (9,22564.7) (10,36525) (11,4061.3) (12,9278.9) (13,26255.6) (14,35879.4) (15,23336.3) (16,52636.3) (17,3647.4) (18,28235.4) (19,41623.1) (20,50920.6) (21,26866.9) (22,7638.6) (23,9351.9) (24,3769.9) 
Vertex [8] :
     Adjacent edges: (0,6350.4) (1,36465.6) (2,42163.2) (3,57806.1) (4,3458.4) (5,18622.7) (6,39884.7) (7,4336.8) (9,18356.9) (10,37429) (11,4496.9) (12,5071.1) (13,26640) (14,36274.7) (15,19128.4) (16,53540.2) (17,2867.8) (18,29139.3) (19,42527.1) (20,51824.6) (21,27770.9) (22,5737.8) (23,5144.1) (24,1958.8) 
Vertex [9] :
     Adjacent edges: (0,17746.9) (1,39247.4) (2,39607.8) (3,44599.1) (4,19501.2) (5,4367.7) (6,55766.1) (7,22564.7) (8,18356.9) (10,27244.4) (11,20944.5) (12,15780.3) (13,38570.1) (14,42562.3) (15,1263.4) (16,51322.7) (17,20301.5) (18,22195.1) (19,31065.9) (20,68272.2) (21,29830.4) (22,18772.7) (23,15839.2) (24,19843.6) 
Vertex [10] :
     Adjacent edges: (0,41883.1) (1,22559.1) (2,23762.9) (3,20917.9) (4,40927.5) (5,30481.7) (6,57239.9) (7,36525) (8,37429) (9,27244.4) (11,35555.4) (12,40032.6) (13,23773.7) (14,26753.4) (15,25577.7) (16,34827.4) (17,37462.7) (18,9606.4) (19,6075.4) (20,69399.1) (21,17375.2) (22,40614.5) (23,40105.6) (24,37283.3) 
Vertex [11] :
     Adjacent edges: (0,8951) (1,34584) (2,40281.6) (3,55924.5) (4,7555.1) (5,21245.3) (6,38003.1) (7,4061.3) (8,4496.9) (9,20944.5) (10,35555.4) (12,7766.3) (13,26165.3) (14,35789.1) (15,21823.6) (16,52546) (17,4369.3) (18,28145.1) (19,41532.8) (20,50830.3) (21,26776.7) (22,8348.2) (23,7839.3) (24,4190) 
Vertex [12] :
     Adjacent edges: (0,2454.3) (1,39061.1) (2,44758.7) (3,60401.6) (4,4903.7) (5,16081.2) (6,42480.2) (7,9278.9) (8,5071.1) (9,15780.3) (10,40032.6) (11,7766.3) (13,30039.1) (14,39673.8) (15,16916) (16,56939.3) (17,7253) (18,32538.4) (19,45926.2) (20,55223.7) (21,31170) (22,2343.8) (23,1808.3) (24,6795.1) 
Vertex [13] :
     Adjacent edges: (0,31094.1) (1,11225) (2,16922.6) (3,38756.7) (4,29350.6) (5,41807.4) (6,45957.9) (7,26255.6) (8,26640) (9,38570.1) (10,23773.7) (11,26165.3) (12,30039.1) (14,12860.7) (15,39583.2) (16,28644.6) (17,29808.2) (18,15930.5) (19,21779.6) (20,61783.7) (21,9189.1) (22,32379.9) (23,31871) (24,29628.9) 
Vertex [14] :
     Adjacent edges: (0,40728.8) (1,9462.2) (2,16421.9) (3,41736.5) (4,38985.3) (5,45799.7) (6,55592.6) (7,35879.4) (8,36274.7) (9,42562.3) (10,26753.4) (11,35789.1) (12,39673.8) (13,12860.7) (15,42146.4) (16,28269.8) (17,37682.6) (18,21127) (19,26976) (20,68237.3) (21,15818.1) (22,40722.2) (23,40213.3) (24,37503.2) 
Vertex [15] :
     Adjacent edges: (0,18518.4) (1,38619.8) (2,38980.1) (3,43971.4) (4,20272.7) (5,4947) (6,56537.6) (7,23336.3) (8,19128.4) (9,1263.4) (10,25577.7) (11,21823.6) (12,16916) (13,39583.2) (14,42146.4) (16,50553.1) (17,21134.9) (18,21425.5) (19,30296.4) (20,69749.4) (21,29060.9) (22,19606.1) (23,16672.6) (24,20677) 
Vertex [16] :
     Adjacent edges: (0,57994.3) (1,20510.7) (2,13049.9) (3,18420.9) (4,57038.7) (5,54560) (6,73351.2) (7,52636.3) (8,53540.2) (9,51322.7) (10,34827.4) (11,52546) (12,56939.3) (13,28644.6) (14,28269.8) (15,50553.1) (17,54623.3) (18,30391.4) (19,30136.5) (20,86559.7) (21,30370.4) (22,57775.2) (23,57266.3) (24,54443.9) 
Vertex [17] :
     Adjacent edges: (0,5572.9) (1,36491.2) (2,42188.8) (3,57831.7) (4,3232.8) (5,20602.3) (6,39910.3) (7,3647.4) (8,2867.8) (9,20301.5) (10,37462.7) (11,4369.3) (12,7253) (13,29808.2) (14,37682.6) (15,21134.9) (16,54623.3) (18,30666.6) (19,44054.3) (20,53351.8) (21,29298.1) (22,5695.5) (23,7040.1) (24,2156) 
Vertex [18] :
     Adjacent edges: (0,33593.4) (1,16908.2) (2,17956.9) (3,27074.8) (4,32637.8) (5,25432.4) (6,48950.3) (7,28235.4) (8,29139.3) (9,22195.1) (10,9606.4) (11,28145.1) (12,32538.4) (13,15930.5) (14,21127) (15,21425.5) (16,30391.4) (17,30666.6) (19,12055.9) (20,61865.3) (21,11039.4) (22,33080.8) (23,32571.8) (24,29749.5) 
Vertex [19] :
     Adjacent edges: (0,46981.2) (1,23449.4) (2,24653.1) (3,16138.8) (4,46025.6) (5,34303.2) (6,62338) (7,41623.1) (8,42527.1) (9,31065.9) (10,6075.4) (11,41532.8) (12,45926.2) (13,21779.6) (14,26976) (15,30296.4) (16,30136.5) (17,44054.3) (18,12055.9) (20,75189.4) (21,17779.5) (22,46404.9) (23,45895.9) (24,43073.6) 
Vertex [20] :
     Adjacent edges: (0,56278.7) (1,68427.6) (2,74125.3) (3,89768.2) (4,55323.1) (5,68573) (6,13873.8) (7,50920.6) (8,51824.6) (9,68272.2) (10,69399.1) (11,50830.3) (12,55223.7) (13,61783.7) (14,68237.3) (15,69749.4) (16,86559.7) (17,53351.8) (18,61865.3) (19,75189.4) (21,59981.8) (22,55462.1) (23,54953.2) (24,52130.9) 
Vertex [21] :
     Adjacent edges: (0,32225) (1,12238.3) (2,17935.9) (3,32358.3) (4,31269.4) (5,33067.8) (6,47581.9) (7,26866.9) (8,27770.9) (9,29830.4) (10,17375.2) (11,26776.7) (12,31170) (13,9189.1) (14,15818.1) (15,29060.9) (16,30370.4) (17,29298.1) (18,11039.4) (19,17779.5) (20,59981.8) (22,29847.4) (23,29338.5) (24,26516.2) 
Vertex [22] :
     Adjacent edges: (0,884.7) (1,39643.1) (2,45340.7) (3,60983.6) (4,2843.5) (5,19073.5) (6,43062.2) (7,7638.6) (8,5737.8) (9,18772.7) (10,40614.5) (11,8348.2) (12,2343.8) (13,32379.9) (14,40722.2) (15,19606.1) (16,57775.2) (17,5695.5) (18,33080.8) (19,46404.9) (20,55462.1) (21,29847.4) (23,3867.2) (24,5343.1) 
Vertex [23] :
     Adjacent edges: (0,2891.7) (1,39134.2) (2,44831.8) (3,60474.7) (4,5355.2) (5,16140) (6,42553.3) (7,9351.9) (8,5144.1) (9,15839.2) (10,40105.6) (11,7839.3) (12,1808.3) (13,31871) (14,40213.3) (15,16672.6) (16,57266.3) (17,7040.1) (18,32571.8) (19,45895.9) (20,54953.2) (21,29338.5) (22,3867.2) (24,6535.3) 
Vertex [24] :
     Adjacent edges: (0,5550) (1,36311.9) (2,42009.5) (3,57652.4) (4,3210) (5,20144.4) (6,39730.9) (7,3769.9) (8,1958.8) (9,19843.6) (10,37283.3) (11,4190) (12,6795.1) (13,29628.9) (14,37503.2) (15,20677) (16,54443.9) (17,2156) (18,29749.5) (19,43073.6) (20,52130.9) (21,26516.2) (22,5343.1) (23,6535.3) 
